89
132
86
100
90
120
82
110
116
91
96
98
93
136
147
91
73
115
99
80
110
87
89
113
160
58
84
111
116
97
112
111
86
64
145
56
79
80
67
109
76
65
126
97
89
73
83
100
107
76
57
42
139
53
91
65
86
89
104
106
112
81
82
108
153
88
55
69
67
119
48
134
137
47
122
90
86
153
63
105
67
88
126
125
75
88
75
100
82
75
73
55
130
97
78
67
150
107
94
103
62
74
112
78
107
140
64
108
85
145
86
56
79
87
97
80
75
124
99
135
81
91
94
116
79
69
61
113
75
85
66
102
99
110
93
166
107
70
72
38
110
78
120
104
81
68
118
78
75
60
140
90
72
125
64
90
104
86
51
81
79
75
81
90
50
122
87
81
66
143
43
129
84
96
113
90
98
98
47
96
74
80
77
117
101
66
101
85
105
88
42
111
54
79
95
121
64
131
61
71
70
104
100
83
70
72
89
71
80
121
81
73
83
56
113
82
96
86
85
62
93
86
146
107
106
96
99
74
72
84
58
103
72
50
85
80
87
77
89
118
99
68
68
63
76
82
90
118
94
80
89
104
45
97
97
80
117
118
51
78
163
138
71
82
86
82
90
88
120
57
118
88
85
127
57
88
103
83
96
70
116
112
81
62
82
44
74
91
70
132
105
88
65
110
56
101
59
48
100
64
45
93
85
112
82
72
66
76
73
98
86
63
61
58
123
65
98
127
97
103
103
113
45
61
107
97
62
84
76
89
103
57
111
90
67
103
95
64
130
46
57
105
143
39
80
66
142
84
80
123
100
83
96
72
116
89
98
71
80
83
79
96
59
70
81
60
77
70
57
90
104
91
127
78
51
155
99
90
99
83
79
130
138
57
103
59
135
20
107
92
122
81
100
71
100
50
